2.19243
2.89417
3.54599
2.43
1.09137
0.907175
0.768058
0.589114
0.456761
0.590934
0.0693204
-0.155299
-0.241464
-0.695045
-1.2959
-1.90849
-1.4172
-0.979579
-1.48053
-1.11207
-0.971874
-1.38679
-1.06682
-1.176
-1.04932
-1.00308
-0.685267
-0.388472
-0.523541
-0.382216
-0.389534
-0.159746
-0.150027
-0.0109306
0.0875533
0.233897
0.113422
0.15909
0.206638
0.0171418
0.145121
-0.0234986
-0.159415
-0.347831
-0.446544
-0.27899
-0.294154
-0.428797
-0.557723
-0.473195
-0.43931
-0.280699
-0.354572
-0.300834
-0.299326
-0.457347
-0.532513
-0.63981
-0.494233
-0.37648
-0.237965
-0.166041
-0.305011
-0.162451
-0.0332436
-0.151055
-0.284315
-0.190925
-0.0722287
-0.184632
-0.211748
-0.103733
-0.0342784
-0.0854649
-0.0761744
-0.102319
0.0142658
-0.0743665
-0.175138
-0.288558
-0.270592
-0.152419
-0.214574
-0.120991
-0.0603173
-0.131448
-0.0364834
0.0451523
0.123994
0.153586
0.185147
0.135912
0.234779
0.174186
0.0961335
0.0924902
0.00377225
0.0263989
-0.0451025
-0.129609
