2.19243
20.2328
14.8581
9.1583
7.11854
-7.71246
-6.5328
-12.3952
-11.0045
-9.79747
-9.59043
-8.88377
-12.7359
-12.5063
-12.1277
-11.6592
-10.9292
-9.85817
-9.59208
-8.55723
-8.16279
-8.01429
-7.61532
-7.37697
-6.09408
-3.11527
-2.78319
-2.58081
-2.54925
-2.43217
-13.704
-13.0312
-4.63037
-4.45108
-4.29021
-3.80645
-3.7411
-2.46954
-2.38588
-2.43628
-2.32618
-2.44783
-2.66067
-2.73289
-2.71274
-2.49774
-4.99423
-4.94492
-4.8995
-4.43414
-3.37781
-3.25253
-3.60315
-3.52677
15.5761
15.2077
14.9097
14.606
14.4253
14.2211
14.0837
14.1488
13.8217
13.6791
13.5878
13.2356
12.9216
12.9313
12.7801
12.5598
12.373
12.2361
12.3007
11.8078
13.4973
13.3115
13.1857
12.8676
12.5817
12.3799
13.0593
12.9453
12.7701
12.6465
12.701
12.5314
12.4196
12.4046
12.2906
12.5471
12.773
12.6225
12.5298
12.3809
12.226
9.31544
9.18613
9.52049
9.31037
9.18655
