2.19243
38.2731
4.1089
-7.9412
-1.04048
-81.8678
0.545203
-53.4316
0.120946
1.06567
-7.52017
-1.11044
-58.9611
-9.52141
-6.82806
-4.63076
0.751146
8.34849
-4.80256
11.1053
-0.274374
-4.89567
1.16201
-1.8946
24.695
71.3551
5.85078
2.88341
-1.6654
0.962991
-351.864
7.82608
264.2
1.46513
1.17963
13.125
-1.38783
44.5777
0.793275
-4.40239
2.0778
-7.43463
-11.5999
-5.83893
-1.82549
7.17745
-119.833
-2.62766
-2.71795
18.3664
49.4397
3.13637
-21.8349
0.521081
1047.15
-5.05393
-1.78704
-2.7072
3.94809
2.17167
5.83893
18.1188
-6.45351
4.69268
7.74574
-9.65812
-7.80557
13.5827
2.49901
-2.6358
-0.705055
2.51116
16.9645
-24.1828
138.511
-0.614177
3.62689
-11.6275
-9.71823
-3.55947
67.4061
3.71131
-1.59559
2.39171
17.2735
-1.87771
2.79392
11.1053
2.25966
35.3766
33.1158
-1.09005
4.01217
-1.47102
-2.33635
-267.192
-3.22709
41.9568
-11.2869
-3.07055
