1581.12011719,1581.12011719
1581.12011719,686.016052246
1581.12011719,686.016052246
1581.12011719,686.016052246
1581.12011719,686.016052246
1581.12011719,686.016052246
1581.12011719,686.016052246
1581.12011719,686.016052246
1581.12011719,686.016052246
1581.12011719,686.016052246
1581.12011719,686.016052246
1581.12011719,686.016052246
1581.12011719,686.016052246
1581.12011719,686.016052246
1581.12011719,686.016052246
1581.12011719,686.016052246
1581.12011719,686.016052246
1581.12011719,686.016052246
1581.12011719,686.016052246
1581.12011719,686.016052246
1581.12011719,686.016052246
1581.12011719,686.016052246
1581.12011719,686.016052246
1581.12011719,686.016052246
1581.12011719,686.016052246
1581.12011719,686.016052246
1581.12011719,686.016052246
1581.12011719,686.016052246
1581.12011719,686.016052246
1581.12011719,686.016052246
1581.12011719,686.016052246
1581.12011719,686.016052246
1581.12011719,686.016052246
1581.12011719,686.016052246
1581.12011719,686.016052246
1581.12011719,686.016052246
1581.12011719,686.016052246
1581.12011719,686.016052246
1581.12011719,686.016052246
1581.12011719,686.016052246
1581.12011719,686.016052246
1579.39208984,686.016052246
1581.12011719,686.016052246
1581.12011719,686.016052246
1581.12011719,686.016052246
1581.12011719,686.016052246
1581.12011719,686.016052246
1581.12011719,686.016052246
1581.12011719,686.016052246
1581.12011719,686.016052246
1581.12011719,686.016052246
1581.12011719,686.016052246
1581.12011719,686.016052246
1581.12011719,686.016052246
1581.12011719,686.016052246
1581.12011719,686.016052246
1581.12011719,686.016052246
1581.12011719,686.016052246
1581.12011719,686.016052246
1581.12011719,686.016052246
1581.12011719,686.016052246
1581.12011719,686.016052246
1581.12011719,686.016052246
1581.12011719,686.016052246
1581.12011719,686.016052246
1581.12011719,686.016052246
1581.12011719,686.016052246
1581.12011719,686.016052246
1581.12011719,686.016052246
1581.12011719,686.016052246
1581.12011719,686.016052246
1581.12011719,686.016052246
1581.12011719,686.016052246
1581.12011719,686.016052246
1581.12011719,686.016052246
1581.12011719,686.016052246
1581.12011719,686.016052246
1581.12011719,686.016052246
1581.12011719,686.016052246
1581.12011719,686.016052246
1581.12011719,686.016052246
1581.12011719,686.016052246
1581.12011719,686.016052246
1581.12011719,686.016052246
1581.12011719,686.016052246
1581.12011719,686.016052246
1581.12011719,686.016052246
1581.12011719,686.016052246
1581.12011719,686.016052246
1581.12011719,686.016052246
1581.12011719,686.016052246
1581.12011719,686.016052246
1581.12011719,686.016052246
1581.12011719,686.016052246
1581.12011719,686.016052246
1581.12011719,686.016052246
1581.12011719,686.016052246
1581.12011719,686.016052246
1581.12011719,686.016052246
1581.12011719,686.016052246
1581.12011719,686.016052246
