1691.26184082,1691.26184082
1691.26184082,816.965454102
1691.26184082,816.965454102
1691.26184082,816.965454102
1691.26184082,816.965454102
1691.26184082,816.965454102
1687.67871094,816.965454102
1687.67871094,816.965454102
1687.67871094,816.965454102
1687.67871094,816.965454102
1687.67871094,816.965454102
1687.67871094,816.965454102
1687.67871094,816.965454102
1687.67871094,816.965454102
1687.67871094,816.965454102
1687.67871094,816.965454102
1687.67871094,816.965454102
1687.67871094,816.965454102
1687.67871094,816.965454102
1687.67871094,816.965454102
1687.67871094,816.965454102
1687.67871094,816.965454102
1687.67871094,816.965454102
1687.67871094,816.965454102
1687.67871094,816.965454102
1687.67871094,816.965454102
1687.67871094,816.965454102
1687.67871094,816.965454102
1687.67871094,816.965454102
1687.67871094,816.965454102
1687.67871094,816.965454102
1687.67871094,816.965454102
1687.67871094,816.965454102
1687.67871094,816.965454102
1687.67871094,816.965454102
1687.67871094,816.965454102
1687.67871094,816.965454102
1687.67871094,816.965454102
1687.67871094,816.965454102
1687.67871094,816.965454102
1687.67871094,816.965454102
1687.67871094,816.965454102
1687.67871094,816.965454102
1687.67871094,816.965454102
1687.67871094,816.965454102
1687.67871094,816.965454102
1687.67871094,816.965454102
1687.67871094,816.965454102
1687.67871094,816.965454102
1687.67871094,816.965454102
1687.67871094,816.965454102
1687.67871094,816.965454102
1687.67871094,816.965454102
1687.67871094,816.965454102
1687.67871094,816.965454102
1687.67871094,816.965454102
1687.67871094,816.965454102
1687.67871094,816.965454102
1687.67871094,816.965454102
1687.67871094,816.965454102
1687.67871094,816.965454102
1687.67871094,816.965454102
1687.67871094,816.965454102
1687.67871094,816.965454102
1687.67871094,816.965454102
1687.67871094,816.965454102
1687.67871094,816.965454102
1687.67871094,816.965454102
1687.67871094,816.965454102
1687.67871094,816.965454102
1691.26184082,816.965454102
1687.67871094,816.965454102
1691.26184082,816.965454102
1691.26184082,816.965454102
1691.26184082,816.965454102
1691.26184082,816.965454102
1691.26184082,816.965454102
1691.26184082,816.965454102
1691.26184082,816.965454102
1691.26184082,816.965454102
1691.26184082,816.965454102
1691.26184082,816.965454102
1691.26184082,816.965454102
1691.26184082,816.965454102
1691.26184082,816.965454102
1691.26184082,816.965454102
1691.26184082,816.965454102
1691.26184082,816.965454102
1691.26184082,816.965454102
1691.26184082,816.965454102
1691.26184082,816.965454102
1691.26184082,816.965454102
1691.26184082,816.965454102
1691.26184082,816.965454102
1691.26184082,816.965454102
1691.26184082,816.965454102
1691.26184082,816.965454102
1691.26184082,816.965454102
1691.26184082,816.965454102
1691.26184082,816.965454102
1691.26184082,816.965454102
