155.271209717,155.271209717
155.271209717,973.431030273
155.271209717,973.431030273
155.271209717,973.431030273
155.271209717,973.431030273
155.271209717,973.431030273
155.271209717,973.431030273
155.271209717,973.431030273
155.271209717,973.431030273
155.271209717,973.431030273
155.271209717,973.431030273
155.271209717,973.431030273
155.271209717,973.431030273
155.271209717,973.431030273
155.271209717,973.431030273
155.271209717,973.431030273
155.271209717,973.431030273
155.271209717,973.431030273
155.271209717,973.431030273
155.271209717,973.431030273
155.271209717,973.431030273
155.271209717,973.431030273
155.271209717,973.431030273
155.271209717,973.431030273
155.271209717,973.431030273
155.271209717,973.431030273
155.271209717,973.431030273
155.271209717,973.431030273
155.271209717,973.431030273
155.271209717,973.431030273
155.271209717,973.431030273
155.271209717,973.431030273
155.271209717,973.431030273
155.271209717,973.431030273
155.271209717,973.431030273
155.271209717,973.431030273
155.271209717,973.431030273
155.271209717,973.431030273
155.271209717,973.431030273
155.271209717,973.431030273
155.271209717,973.431030273
155.271209717,973.431030273
155.271209717,973.431030273
155.271209717,973.431030273
155.271209717,973.431030273
155.271209717,973.431030273
155.271209717,973.431030273
155.271209717,973.431030273
155.271209717,973.431030273
155.271209717,973.431030273
155.271209717,973.431030273
155.271209717,973.431030273
155.271209717,973.431030273
155.271209717,973.431030273
155.271209717,973.431030273
155.271209717,973.431030273
155.271209717,973.431030273
155.271209717,973.431030273
155.271209717,973.431030273
155.271209717,973.431030273
155.271209717,973.431030273
155.271209717,973.431030273
155.271209717,973.431030273
155.271209717,973.431030273
155.271209717,973.431030273
155.271209717,973.431030273
155.271209717,973.431030273
155.271209717,973.431030273
155.271209717,973.431030273
155.271209717,973.431030273
155.271209717,973.431030273
155.271209717,973.431030273
155.271209717,973.431030273
155.271209717,973.431030273
155.271209717,973.431030273
155.271209717,973.431030273
155.271209717,973.431030273
155.271209717,973.431030273
155.271209717,973.431030273
155.271209717,973.431030273
155.271209717,973.431030273
155.271209717,973.431030273
155.271209717,973.431030273
155.271209717,973.431030273
155.271209717,973.431030273
155.271209717,973.431030273
155.271209717,973.431030273
155.271209717,973.431030273
155.271209717,973.431030273
155.271209717,973.431030273
155.271209717,973.431030273
155.271209717,973.431030273
155.271209717,973.431030273
155.271209717,973.431030273
155.271209717,970.445068359
158.257202148,970.445068359
158.257202148,970.445068359
158.257202148,970.445068359
158.257202148,970.445068359
158.257202148,970.445068359
158.257202148,970.445068359
