1616.01501465,1616.01501465
1616.01501465,716.636352539
1616.01501465,716.636352539
1616.01501465,716.636352539
1616.01501465,716.636352539
1616.01501465,716.636352539
1616.01501465,716.636352539
1616.01501465,716.636352539
1616.01501465,713.053161621
1616.01501465,713.053161621
1616.01501465,713.053161621
1616.01501465,713.053161621
1616.01501465,713.053161621
1616.01501465,713.053161621
1616.01501465,713.053161621
1616.01501465,713.053161621
1616.01501465,713.053161621
1616.01501465,713.053161621
1616.01501465,713.053161621
1616.01501465,713.053161621
1616.01501465,713.053161621
1616.01501465,713.053161621
1616.01501465,713.053161621
1616.01501465,713.053161621
1616.01501465,713.053161621
1616.01501465,713.053161621
1616.01501465,713.053161621
1616.01501465,713.053161621
1616.01501465,713.053161621
1616.01501465,713.053161621
1616.01501465,713.053161621
1616.01501465,713.053161621
1616.01501465,713.053161621
1616.01501465,713.053161621
1616.01501465,713.053161621
1616.01501465,713.053161621
1616.01501465,713.053161621
1616.01501465,713.053161621
1616.01501465,713.053161621
1616.01501465,713.053161621
1616.01501465,713.053161621
1616.01501465,713.053161621
1616.01501465,713.053161621
1616.01501465,713.053161621
1616.01501465,713.053161621
1616.01501465,713.053161621
1616.01501465,713.053161621
1616.01501465,713.053161621
1616.01501465,713.053161621
1616.01501465,713.053161621
1616.01501465,713.053161621
1616.01501465,713.053161621
1616.01501465,713.053161621
1616.01501465,713.053161621
1616.01501465,713.053161621
1616.01501465,713.053161621
1616.01501465,713.053161621
1616.01501465,713.053161621
1616.01501465,713.053161621
1616.01501465,713.053161621
1616.01501465,713.053161621
1616.01501465,713.053161621
1616.01501465,713.053161621
1616.01501465,713.053161621
1616.01501465,713.053161621
1616.01501465,713.053161621
1616.01501465,713.053161621
1616.01501465,713.053161621
1616.01501465,713.053161621
1616.01501465,713.053161621
1616.01501465,713.053161621
1616.01501465,713.053161621
1616.01501465,713.053161621
1616.01501465,713.053161621
1616.01501465,713.053161621
1616.01501465,713.053161621
1616.01501465,713.053161621
1616.01501465,713.053161621
1616.01501465,713.053161621
1616.01501465,713.053161621
1616.01501465,713.053161621
1616.01501465,713.053161621
1616.01501465,713.053161621
1616.01501465,713.053161621
1616.01501465,713.053161621
1616.01501465,713.053161621
1616.01501465,713.053161621
1616.01501465,713.053161621
1616.01501465,713.053161621
1616.01501465,713.053161621
1616.01501465,713.053161621
1616.01501465,713.053161621
1616.01501465,713.053161621
1616.01501465,713.053161621
1616.01501465,713.053161621
1616.01501465,713.053161621
1616.01501465,713.053161621
1616.01501465,713.053161621
1616.01501465,713.053161621
1616.01501465,713.053161621
1616.01501465,713.053161621
