1582.57189941,1582.57189941
1582.57189941,649.451660156
1582.57189941,649.451660156
1582.57189941,649.451660156
1582.57189941,649.451660156
1582.57189941,649.451660156
1582.57189941,649.451660156
1582.57189941,649.451660156
1582.57189941,649.451660156
1582.57189941,649.451660156
1582.57189941,649.451660156
1582.57189941,649.451660156
1582.57189941,649.451660156
1582.57189941,649.451660156
1582.57189941,649.451660156
1582.57189941,649.451660156
1582.57189941,649.451660156
1582.57189941,649.451660156
1582.57189941,649.451660156
1582.57189941,649.451660156
1582.57189941,649.451660156
1582.57189941,649.451660156
1582.57189941,649.451660156
1582.57189941,649.451660156
1582.57189941,649.451660156
1582.57189941,649.451660156
1582.57189941,649.451660156
1585.06018066,649.451660156
1585.06018066,649.451660156
1585.06018066,649.451660156
1585.06018066,649.451660156
1585.06018066,649.451660156
1585.06018066,649.451660156
1585.06018066,649.451660156
1585.06018066,649.451660156
1585.06018066,649.451660156
1585.06018066,649.451660156
1585.06018066,649.451660156
1585.06018066,649.451660156
1585.06018066,649.451660156
1585.06018066,649.451660156
1585.06018066,649.451660156
1585.06018066,649.451660156
1585.06018066,649.451660156
1585.06018066,649.451660156
1585.06018066,649.451660156
1585.06018066,649.451660156
1585.06018066,649.451660156
1585.06018066,649.451660156
1585.06018066,649.451660156
1585.06018066,649.451660156
1585.06018066,649.451660156
1585.06018066,649.451660156
1582.57189941,649.451660156
1582.57189941,649.451660156
1582.57189941,649.451660156
1582.57189941,649.451660156
1582.57189941,649.451660156
1582.57189941,649.451660156
1582.57189941,649.451660156
1582.57189941,649.451660156
1582.57189941,649.451660156
1582.57189941,649.451660156
1582.57189941,649.451660156
1582.57189941,649.451660156
1582.57189941,649.451660156
1582.57189941,649.451660156
1582.57189941,649.451660156
1582.57189941,649.451660156
1582.57189941,649.451660156
1582.57189941,649.451660156
1582.57189941,649.451660156
1582.57189941,649.451660156
1582.57189941,649.451660156
1582.57189941,649.451660156
1582.57189941,649.451660156
1582.57189941,649.451660156
1582.57189941,649.451660156
1582.57189941,649.451660156
1582.57189941,649.451660156
1582.57189941,649.451660156
1582.57189941,649.451660156
1582.57189941,649.451660156
1582.57189941,649.451660156
1582.57189941,649.451660156
1582.57189941,649.451660156
1582.57189941,649.451660156
1582.57189941,649.451660156
1582.57189941,649.451660156
1582.57189941,649.451660156
1582.57189941,649.451660156
1582.57189941,649.451660156
1582.57189941,649.451660156
1582.57189941,649.451660156
1582.57189941,649.451660156
1582.57189941,649.451660156
1582.57189941,649.451660156
1582.57189941,649.451660156
1582.57189941,649.451660156
1582.57189941,649.451660156
1582.57189941,649.451660156
