1679.61621094,972.518554688
1679.61621094,972.518554688
1679.61621094,972.518554688
1679.61621094,972.518554688
1679.61621094,972.518554688
1679.61621094,972.518554688
1679.61621094,972.518554688
1679.61621094,972.518554688
1679.61621094,972.518554688
1679.61621094,972.518554688
1679.61621094,972.518554688
1679.61621094,972.518554688
1679.61621094,972.518554688
1679.61621094,972.518554688
1679.61621094,972.518554688
1679.61621094,972.518554688
1679.61621094,972.518554688
1679.61621094,972.518554688
1679.61621094,972.518554688
1679.61621094,972.518554688
1679.61621094,972.518554688
1679.61621094,972.518554688
1679.61621094,972.518554688
1679.61621094,972.518554688
1679.61621094,972.518554688
1679.61621094,972.518554688
1679.61621094,972.518554688
1679.61621094,972.518554688
1679.61621094,974.592163086
1679.61621094,974.592163086
1679.61621094,974.592163086
1679.61621094,974.592163086
1679.61621094,974.592163086
1679.61621094,974.592163086
1679.61621094,974.592163086
1679.61621094,974.592163086
1679.61621094,974.592163086
1679.61621094,974.592163086
1679.61621094,974.592163086
1679.61621094,974.592163086
1679.61621094,974.592163086
1679.61621094,974.592163086
1679.61621094,974.592163086
1679.61621094,974.592163086
1679.61621094,974.592163086
1679.61621094,974.592163086
1679.61621094,974.592163086
1679.61621094,974.592163086
1679.61621094,974.592163086
1679.61621094,974.592163086
1679.61621094,974.592163086
1679.61621094,974.592163086
1679.61621094,974.592163086
1679.61621094,974.592163086
1677.54260254,974.592163086
1677.54260254,974.592163086
1677.54260254,974.592163086
1677.54260254,974.592163086
1677.54260254,974.592163086
1677.54260254,974.592163086
1677.54260254,974.592163086
1677.54260254,974.592163086
1677.54260254,974.592163086
1677.54260254,974.592163086
1677.54260254,974.592163086
1677.54260254,974.592163086
1677.54260254,974.592163086
1677.54260254,974.592163086
1677.54260254,974.592163086
1677.54260254,974.592163086
1677.54260254,974.592163086
1677.54260254,974.592163086
1677.54260254,974.592163086
1677.54260254,974.592163086
1677.54260254,974.592163086
1677.54260254,974.592163086
1677.54260254,974.592163086
1677.54260254,974.592163086
1677.54260254,974.592163086
1677.54260254,974.592163086
1677.54260254,974.592163086
1677.54260254,974.592163086
1677.54260254,974.592163086
1677.54260254,974.592163086
1677.54260254,974.592163086
1677.54260254,974.592163086
1677.54260254,974.592163086
1677.54260254,974.592163086
1677.54260254,974.592163086
1677.54260254,974.592163086
1677.54260254,974.592163086
1677.54260254,974.592163086
1677.54260254,974.592163086
1677.54260254,974.592163086
1677.54260254,974.592163086
1677.54260254,974.592163086
1677.54260254,974.592163086
1677.54260254,974.592163086
1677.54260254,974.592163086
1677.54260254,974.592163086
1677.54260254,974.592163086
