1669.24829102,787.968139648
1669.24829102,787.968139648
1669.24829102,787.968139648
1669.24829102,787.968139648
1669.24829102,787.968139648
1669.24829102,787.968139648
1669.24829102,787.968139648
1669.24829102,787.968139648
1669.24829102,787.968139648
1669.24829102,787.968139648
1669.24829102,787.968139648
1669.24829102,787.968139648
1669.24829102,787.968139648
1669.24829102,787.968139648
1669.24829102,787.968139648
1669.24829102,787.968139648
1669.24829102,787.968139648
1669.24829102,787.968139648
1669.24829102,787.968139648
1669.24829102,787.968139648
1669.24829102,787.968139648
1669.24829102,787.968139648
1669.24829102,787.968139648
1669.24829102,787.968139648
1669.24829102,787.968139648
1671.32177734,790.041687012
1671.32177734,790.041687012
1671.32177734,790.041687012
1671.32177734,790.041687012
1671.32177734,790.041687012
1671.32177734,790.041687012
1671.32177734,790.041687012
1671.32177734,790.041687012
1671.32177734,790.041687012
1671.32177734,790.041687012
1671.32177734,790.041687012
1671.32177734,790.041687012
1671.32177734,790.041687012
1671.32177734,790.041687012
1671.32177734,790.041687012
1671.32177734,790.041687012
1671.32177734,790.041687012
1671.32177734,790.041687012
1671.32177734,790.041687012
1671.32177734,790.041687012
1671.32177734,790.041687012
1671.32177734,790.041687012
1671.32177734,790.041687012
1671.32177734,790.041687012
1671.32177734,790.041687012
1671.32177734,790.041687012
1671.32177734,790.041687012
1671.32177734,790.041687012
1671.32177734,790.041687012
1671.32177734,790.041687012
1671.32177734,790.041687012
1671.32177734,790.041687012
1671.32177734,790.041687012
1671.32177734,790.041687012
1671.32177734,790.041687012
1671.32177734,790.041687012
1671.32177734,790.041687012
1671.32177734,790.041687012
1671.32177734,790.041687012
1671.32177734,790.041687012
1671.32177734,790.041687012
1671.32177734,790.041687012
1671.32177734,787.968139648
1671.32177734,787.968139648
1671.32177734,790.041687012
1671.32177734,787.968139648
1671.32177734,787.968139648
1671.32177734,787.968139648
1671.32177734,787.968139648
1671.32177734,787.968139648
1671.32177734,787.968139648
1671.32177734,787.968139648
1671.32177734,787.968139648
1671.32177734,787.968139648
1671.32177734,787.968139648
1671.32177734,787.968139648
1671.32177734,787.968139648
1671.32177734,787.968139648
1671.32177734,787.968139648
1671.32177734,787.968139648
1671.32177734,787.968139648
1671.32177734,787.968139648
1671.32177734,787.968139648
1671.32177734,787.968139648
1671.32177734,787.968139648
1671.32177734,787.968139648
1671.32177734,787.968139648
1671.32177734,787.968139648
1671.32177734,787.968139648
1671.32177734,787.968139648
1671.32177734,787.968139648
1671.32177734,787.968139648
1671.32177734,787.968139648
1671.32177734,787.968139648
1671.32177734,787.968139648
1671.32177734,787.968139648
