1605.60009766,970.800048828
1605.60009766,970.800048828
1605.60009766,970.800048828
1605.60009766,970.800048828
1605.60009766,970.800048828
1605.60009766,970.800048828
1605.60009766,970.800048828
1605.60009766,970.800048828
1605.60009766,970.800048828
1605.60009766,970.800048828
1605.60009766,970.800048828
1605.60009766,970.800048828
1605.60009766,970.800048828
1605.60009766,970.800048828
1605.60009766,970.800048828
1606.80004883,970.800048828
1605.60009766,970.800048828
1605.60009766,972.000061035
1606.80004883,970.800048828
1605.60009766,972.000061035
1606.80004883,970.800048828
1605.60009766,972.000061035
1606.80004883,970.800048828
1605.60009766,970.800048828
1606.80004883,970.800048828
1606.80004883,970.800048828
1606.80004883,970.800048828
1606.80004883,970.800048828
1606.80004883,970.800048828
1606.80004883,970.800048828
1606.80004883,970.800048828
1606.80004883,970.800048828
1606.80004883,970.800048828
1606.80004883,970.800048828
1606.80004883,970.800048828
1606.80004883,970.800048828
1606.80004883,970.800048828
1606.80004883,970.800048828
1606.80004883,970.800048828
1606.80004883,970.800048828
1606.80004883,970.800048828
1606.80004883,970.800048828
1606.80004883,970.800048828
1606.80004883,970.800048828
1606.80004883,970.800048828
1606.80004883,970.800048828
1606.80004883,970.800048828
1606.80004883,970.800048828
1606.80004883,970.800048828
1606.80004883,970.800048828
1606.80004883,970.800048828
1606.80004883,970.800048828
1606.80004883,970.800048828
1606.80004883,970.800048828
1606.80004883,970.800048828
1606.80004883,970.800048828
1606.80004883,970.800048828
1606.80004883,970.800048828
1606.80004883,970.800048828
1606.80004883,970.800048828
1606.80004883,970.800048828
1606.80004883,970.800048828
1606.80004883,970.800048828
1606.80004883,970.800048828
1606.80004883,972.000061035
1606.80004883,970.800048828
1606.80004883,972.000061035
1606.80004883,972.000061035
1606.80004883,972.000061035
1606.80004883,972.000061035
1606.80004883,972.000061035
1606.80004883,972.000061035
1606.80004883,972.000061035
1605.60009766,972.000061035
1606.80004883,972.000061035
1606.80004883,972.000061035
1606.80004883,972.000061035
1606.80004883,972.000061035
1606.80004883,972.000061035
1606.80004883,972.000061035
1606.80004883,972.000061035
1606.80004883,972.000061035
1606.80004883,972.000061035
1606.80004883,972.000061035
1606.80004883,972.000061035
1606.80004883,972.000061035
1606.80004883,972.000061035
1606.80004883,972.000061035
1606.80004883,972.000061035
1606.80004883,972.000061035
1606.80004883,972.000061035
1606.80004883,972.000061035
1606.80004883,972.000061035
1606.80004883,972.000061035
1606.80004883,972.000061035
1606.80004883,972.000061035
1606.80004883,972.000061035
1606.80004883,972.000061035
1606.80004883,972.000061035
1606.80004883,972.000061035
1606.80004883,972.000061035
