718.848083496,622.080078125
718.848083496,622.080078125
718.848083496,622.080078125
718.848083496,622.080078125
718.848083496,622.080078125
718.848083496,622.080078125
718.848083496,622.080078125
718.848083496,622.080078125
718.848083496,622.080078125
718.848083496,622.080078125
718.848083496,622.080078125
718.848083496,622.080078125
718.848083496,622.080078125
718.848083496,622.080078125
718.848083496,622.080078125
718.848083496,622.080078125
718.848083496,622.080078125
718.848083496,622.080078125
718.848083496,622.080078125
718.848083496,622.080078125
718.848083496,622.080078125
718.848083496,622.080078125
718.848083496,622.080078125
718.848083496,622.080078125
718.848083496,622.080078125
718.848083496,622.080078125
718.848083496,622.080078125
718.848083496,622.080078125
718.848083496,622.080078125
718.848083496,622.080078125
718.848083496,622.080078125
718.848083496,622.080078125
718.848083496,622.080078125
718.848083496,622.080078125
718.848083496,622.080078125
718.848083496,622.080078125
718.848083496,622.080078125
718.848083496,622.080078125
718.848083496,622.080078125
718.848083496,622.080078125
718.848083496,622.080078125
718.848083496,620.352050781
718.848083496,622.080078125
718.848083496,622.080078125
718.848083496,622.080078125
718.848083496,622.080078125
718.848083496,622.080078125
718.848083496,622.080078125
718.848083496,622.080078125
718.848083496,622.080078125
718.848083496,622.080078125
718.848083496,622.080078125
718.848083496,622.080078125
718.848083496,622.080078125
718.848083496,622.080078125
718.848083496,622.080078125
718.848083496,622.080078125
718.848083496,622.080078125
718.848083496,622.080078125
718.848083496,622.080078125
718.848083496,622.080078125
718.848083496,622.080078125
718.848083496,622.080078125
718.848083496,622.080078125
718.848083496,622.080078125
718.848083496,622.080078125
718.848083496,622.080078125
718.848083496,622.080078125
718.848083496,622.080078125
718.848083496,622.080078125
718.848083496,622.080078125
718.848083496,622.080078125
718.848083496,622.080078125
718.848083496,622.080078125
718.848083496,622.080078125
718.848083496,622.080078125
718.848083496,622.080078125
718.848083496,622.080078125
718.848083496,622.080078125
718.848083496,622.080078125
718.848083496,622.080078125
718.848083496,622.080078125
718.848083496,622.080078125
718.848083496,622.080078125
718.848083496,622.080078125
718.848083496,622.080078125
718.848083496,622.080078125
718.848083496,622.080078125
718.848083496,622.080078125
718.848083496,622.080078125
718.848083496,622.080078125
718.848083496,622.080078125
718.848083496,622.080078125
718.848083496,622.080078125
718.848083496,622.080078125
718.848083496,622.080078125
718.848083496,622.080078125
718.848083496,622.080078125
718.848083496,622.080078125
718.848083496,622.080078125
718.848083496,622.080078125
