1662.33618164,646.272033691
1662.33618164,646.272033691
1662.33618164,646.272033691
1660.6081543,648.000061035
1662.33618164,646.272033691
1660.6081543,648.000061035
1660.6081543,648.000061035
1660.6081543,648.000061035
1662.33618164,648.000061035
1662.33618164,648.000061035
1662.33618164,646.272033691
1662.33618164,646.272033691
1662.33618164,646.272033691
1662.33618164,646.272033691
1662.33618164,646.272033691
1662.33618164,646.272033691
1662.33618164,648.000061035
1662.33618164,648.000061035
1662.33618164,648.000061035
1662.33618164,648.000061035
1662.33618164,648.000061035
1662.33618164,648.000061035
1662.33618164,648.000061035
1662.33618164,648.000061035
1662.33618164,648.000061035
1662.33618164,648.000061035
1662.33618164,648.000061035
1662.33618164,648.000061035
1662.33618164,648.000061035
1662.33618164,648.000061035
1662.33618164,648.000061035
1662.33618164,648.000061035
1662.33618164,648.000061035
1662.33618164,648.000061035
1662.33618164,648.000061035
1662.33618164,648.000061035
1662.33618164,648.000061035
1662.33618164,648.000061035
1662.33618164,648.000061035
1662.33618164,648.000061035
1662.33618164,648.000061035
1662.33618164,648.000061035
1662.33618164,648.000061035
1662.33618164,648.000061035
1662.33618164,648.000061035
1662.33618164,648.000061035
1662.33618164,648.000061035
1662.33618164,648.000061035
1662.33618164,648.000061035
1662.33618164,648.000061035
1662.33618164,648.000061035
1662.33618164,648.000061035
1662.33618164,648.000061035
1662.33618164,648.000061035
1662.33618164,648.000061035
1662.33618164,648.000061035
1662.33618164,648.000061035
1662.33618164,648.000061035
1662.33618164,648.000061035
1662.33618164,648.000061035
1662.33618164,648.000061035
1662.33618164,648.000061035
1662.33618164,646.272033691
1662.33618164,646.272033691
1662.33618164,646.272033691
1662.33618164,646.272033691
1662.33618164,646.272033691
1662.33618164,646.272033691
1662.33618164,646.272033691
1662.33618164,646.272033691
1662.33618164,646.272033691
1662.33618164,646.272033691
1662.33618164,646.272033691
1662.33618164,646.272033691
1662.33618164,646.272033691
1662.33618164,646.272033691
1662.33618164,646.272033691
1662.33618164,646.272033691
1662.33618164,646.272033691
1662.33618164,646.272033691
1662.33618164,646.272033691
1662.33618164,646.272033691
1662.33618164,646.272033691
1662.33618164,646.272033691
1662.33618164,646.272033691
1662.33618164,646.272033691
1662.33618164,646.272033691
1662.33618164,646.272033691
1662.33618164,646.272033691
1662.33618164,646.272033691
1662.33618164,646.272033691
1662.33618164,646.272033691
1662.33618164,646.272033691
1662.33618164,646.272033691
1662.33618164,646.272033691
1662.33618164,646.272033691
1662.33618164,646.272033691
1662.33618164,646.272033691
1662.33618164,646.272033691
1662.33618164,646.272033691
1662.33618164,646.272033691
