143.078414917,1011.91693115
143.078414917,1011.91693115
143.078414917,1011.91693115
143.078414917,1011.91693115
143.078414917,1011.91693115
143.078414917,1011.91693115
143.078414917,1011.91693115
143.078414917,1011.91693115
143.078414917,1011.91693115
143.078414917,1011.91693115
143.078414917,1011.91693115
143.078414917,1011.91693115
143.078414917,1011.91693115
143.078414917,1011.91693115
143.078414917,1011.91693115
143.078414917,1011.91693115
141.004821777,1011.91693115
143.078414917,1011.91693115
141.004821777,1011.91693115
141.004821777,1011.91693115
141.004821777,1011.91693115
141.004821777,1011.91693115
143.078414917,1011.91693115
143.078414917,1011.91693115
143.078414917,1011.91693115
143.078414917,1011.91693115
143.078414917,1011.91693115
143.078414917,1011.91693115
143.078414917,1011.91693115
143.078414917,1011.91693115
143.078414917,1011.91693115
143.078414917,1011.91693115
143.078414917,1011.91693115
143.078414917,1011.91693115
143.078414917,1011.91693115
143.078414917,1011.91693115
143.078414917,1011.91693115
143.078414917,1011.91693115
143.078414917,1011.91693115
143.078414917,1011.91693115
143.078414917,1011.91693115
143.078414917,1011.91693115
143.078414917,1011.91693115
143.078414917,1011.91693115
143.078414917,1011.91693115
143.078414917,1011.91693115
143.078414917,1011.91693115
143.078414917,1011.91693115
143.078414917,1011.91693115
143.078414917,1011.91693115
143.078414917,1013.99053955
143.078414917,1013.99053955
143.078414917,1013.99053955
143.078414917,1013.99053955
143.078414917,1013.99053955
143.078414917,1013.99053955
143.078414917,1013.99053955
143.078414917,1013.99053955
143.078414917,1013.99053955
143.078414917,1013.99053955
143.078414917,1013.99053955
143.078414917,1013.99053955
143.078414917,1013.99053955
143.078414917,1013.99053955
143.078414917,1013.99053955
143.078414917,1013.99053955
145.152023315,1013.99053955
145.152023315,1013.99053955
145.152023315,1013.99053955
145.152023315,1013.99053955
145.152023315,1013.99053955
145.152023315,1013.99053955
145.152023315,1013.99053955
145.152023315,1013.99053955
145.152023315,1013.99053955
145.152023315,1013.99053955
145.152023315,1013.99053955
145.152023315,1013.99053955
145.152023315,1013.99053955
145.152023315,1013.99053955
145.152023315,1013.99053955
145.152023315,1013.99053955
145.152023315,1013.99053955
145.152023315,1013.99053955
145.152023315,1013.99053955
145.152023315,1013.99053955
145.152023315,1013.99053955
145.152023315,1013.99053955
145.152023315,1013.99053955
145.152023315,1013.99053955
145.152023315,1013.99053955
145.152023315,1013.99053955
145.152023315,1013.99053955
145.152023315,1013.99053955
145.152023315,1013.99053955
145.152023315,1013.99053955
145.152023315,1013.99053955
145.152023315,1013.99053955
145.152023315,1013.99053955
145.152023315,1013.99053955
145.152023315,1013.99053955
