1490.00646973,283.668548584
1490.00646973,283.668548584
1490.00646973,283.668548584
1490.00646973,283.668548584
1490.00646973,283.668548584
1490.00646973,283.668548584
1490.00646973,283.668548584
1490.00646973,283.668548584
1490.00646973,283.668548584
1490.00646973,283.668548584
1490.00646973,283.668548584
1490.00646973,283.668548584
1490.00646973,283.668548584
1490.00646973,283.668548584
1490.00646973,283.668548584
1490.00646973,283.668548584
1490.00646973,283.668548584
1490.00646973,283.668548584
1490.00646973,283.668548584
1490.00646973,283.668548584
1490.00646973,283.668548584
1490.00646973,283.668548584
1490.00646973,283.668548584
1490.00646973,283.668548584
1490.00646973,283.668548584
1490.00646973,283.668548584
1490.00646973,283.668548584
1490.00646973,283.668548584
1490.00646973,283.668548584
1490.00646973,283.668548584
1490.00646973,283.668548584
1490.00646973,283.668548584
1490.00646973,283.668548584
1490.00646973,283.668548584
1490.00646973,283.668548584
1490.00646973,283.668548584
1492.99243164,283.668548584
1492.99243164,283.668548584
1492.99243164,283.668548584
1492.99243164,283.668548584
1492.99243164,283.668548584
1492.99243164,283.668548584
1492.99243164,283.668548584
1492.99243164,283.668548584
1492.99243164,283.668548584
1492.99243164,283.668548584
1492.99243164,283.668548584
1492.99243164,283.668548584
1492.99243164,283.668548584
1492.99243164,283.668548584
1492.99243164,283.668548584
1492.99243164,283.668548584
1492.99243164,283.668548584
1495.97839355,283.668548584
1492.99243164,283.668548584
1495.97839355,283.668548584
1495.97839355,283.668548584
1495.97839355,283.668548584
1495.97839355,283.668548584
1495.97839355,283.668548584
1495.97839355,283.668548584
1495.97839355,283.668548584
1495.97839355,283.668548584
1495.97839355,283.668548584
1495.97839355,283.668548584
1495.97839355,283.668548584
1495.97839355,283.668548584
1495.97839355,283.668548584
1495.97839355,283.668548584
1495.97839355,283.668548584
1495.97839355,283.668548584
1495.97839355,283.668548584
1495.97839355,283.668548584
1495.97839355,283.668548584
1495.97839355,283.668548584
1495.97839355,283.668548584
1495.97839355,283.668548584
1495.97839355,283.668548584
1495.97839355,283.668548584
1495.97839355,283.668548584
1495.97839355,283.668548584
1495.97839355,283.668548584
1495.97839355,283.668548584
1495.97839355,283.668548584
1495.97839355,283.668548584
1492.99243164,283.668548584
1492.99243164,283.668548584
1495.97839355,283.668548584
1495.97839355,283.668548584
1492.99243164,283.668548584
1492.99243164,283.668548584
1492.99243164,283.668548584
1492.99243164,283.668548584
1492.99243164,283.668548584
1492.99243164,283.668548584
1492.99243164,283.668548584
1492.99243164,283.668548584
1492.99243164,283.668548584
1492.99243164,283.668548584
1492.99243164,283.668548584
1492.99243164,283.668548584
