120.960014343,1017.79211426
120.960014343,1017.79211426
120.960014343,1017.79211426
120.960014343,1017.79211426
120.960014343,1017.79211426
120.960014343,1017.79211426
120.960014343,1017.79211426
120.960014343,1017.79211426
120.960014343,1017.79211426
120.960014343,1016.06408691
120.960014343,1016.06408691
119.232009888,1017.79211426
119.232009888,1017.79211426
119.232009888,1017.79211426
120.960014343,1016.06408691
119.232009888,1017.79211426
119.232009888,1017.79211426
119.232009888,1016.06408691
119.232009888,1016.06408691
119.232009888,1016.06408691
119.232009888,1016.06408691
119.232009888,1016.06408691
119.232009888,1016.06408691
119.232009888,1016.06408691
119.232009888,1016.06408691
119.232009888,1016.06408691
119.232009888,1016.06408691
119.232009888,1016.06408691
119.232009888,1016.06408691
119.232009888,1016.06408691
119.232009888,1016.06408691
119.232009888,1016.06408691
119.232009888,1016.06408691
119.232009888,1016.06408691
119.232009888,1016.06408691
119.232009888,1016.06408691
119.232009888,1016.06408691
119.232009888,1016.06408691
119.232009888,1016.06408691
119.232009888,1016.06408691
119.232009888,1016.06408691
119.232009888,1016.06408691
119.232009888,1016.06408691
117.504013062,1016.06408691
117.504013062,1016.06408691
117.504013062,1016.06408691
117.504013062,1016.06408691
117.504013062,1016.06408691
117.504013062,1016.06408691
117.504013062,1016.06408691
117.504013062,1016.06408691
117.504013062,1016.06408691
117.504013062,1016.06408691
117.504013062,1016.06408691
117.504013062,1016.06408691
117.504013062,1016.06408691
117.504013062,1016.06408691
117.504013062,1016.06408691
117.504013062,1016.06408691
117.504013062,1016.06408691
117.504013062,1016.06408691
117.504013062,1016.06408691
117.504013062,1016.06408691
117.504013062,1016.06408691
117.504013062,1016.06408691
117.504013062,1016.06408691
117.504013062,1016.06408691
117.504013062,1016.06408691
117.504013062,1016.06408691
117.504013062,1016.06408691
117.504013062,1016.06408691
117.504013062,1016.06408691
117.504013062,1016.06408691
117.504013062,1016.06408691
117.504013062,1016.06408691
117.504013062,1016.06408691
117.504013062,1016.06408691
117.504013062,1016.06408691
117.504013062,1016.06408691
117.504013062,1016.06408691
117.504013062,1016.06408691
117.504013062,1016.06408691
117.504013062,1016.06408691
117.504013062,1016.06408691
117.504013062,1016.06408691
117.504013062,1016.06408691
117.504013062,1016.06408691
117.504013062,1016.06408691
117.504013062,1016.06408691
117.504013062,1016.06408691
117.504013062,1016.06408691
119.232009888,1014.33612061
119.232009888,1014.33612061
119.232009888,1014.33612061
119.232009888,1014.33612061
119.232009888,1014.33612061
119.232009888,1014.33612061
119.232009888,1014.33612061
119.232009888,1014.33612061
119.232009888,1014.33612061
119.232009888,1014.33612061
