1561.42102051,707.097717285
1561.42102051,707.097717285
1561.42102051,707.097717285
1563.49462891,705.024108887
1561.42102051,707.097717285
1563.49462891,705.024108887
1561.42102051,707.097717285
1563.49462891,705.024108887
1563.49462891,705.024108887
1563.49462891,705.024108887
1563.49462891,705.024108887
1563.49462891,705.024108887
1563.49462891,705.024108887
1563.49462891,705.024108887
1561.42102051,705.024108887
1561.42102051,705.024108887
1561.42102051,705.024108887
1561.42102051,705.024108887
1561.42102051,705.024108887
1561.42102051,705.024108887
1561.42102051,705.024108887
1561.42102051,705.024108887
1561.42102051,705.024108887
1561.42102051,705.024108887
1561.42102051,705.024108887
1561.42102051,705.024108887
1561.42102051,705.024108887
1561.42102051,705.024108887
1561.42102051,705.024108887
1561.42102051,705.024108887
1561.42102051,705.024108887
1561.42102051,705.024108887
1561.42102051,705.024108887
1561.42102051,705.024108887
1561.42102051,705.024108887
1561.42102051,705.024108887
1561.42102051,705.024108887
1561.42102051,705.024108887
1561.42102051,705.024108887
1561.42102051,705.024108887
1561.42102051,705.024108887
1561.42102051,705.024108887
1561.42102051,705.024108887
1561.42102051,705.024108887
1561.42102051,705.024108887
1561.42102051,705.024108887
1561.42102051,705.024108887
1561.42102051,705.024108887
1561.42102051,705.024108887
1561.42102051,705.024108887
1561.42102051,705.024108887
1561.42102051,705.024108887
1561.42102051,705.024108887
1561.42102051,705.024108887
1561.42102051,705.024108887
1561.42102051,705.024108887
1561.42102051,705.024108887
1561.42102051,705.024108887
1561.42102051,705.024108887
1561.42102051,705.024108887
1561.42102051,705.024108887
1561.42102051,705.024108887
1561.42102051,705.024108887
1561.42102051,705.024108887
1561.42102051,705.024108887
1561.42102051,705.024108887
1561.42102051,705.024108887
1561.42102051,705.024108887
1561.42102051,705.024108887
1561.42102051,705.024108887
1561.42102051,705.024108887
1561.42102051,705.024108887
1561.42102051,705.024108887
1561.42102051,705.024108887
1561.42102051,705.024108887
1561.42102051,705.024108887
1561.42102051,705.024108887
1561.42102051,705.024108887
1561.42102051,705.024108887
1561.42102051,705.024108887
1561.42102051,705.024108887
1561.42102051,705.024108887
1561.42102051,705.024108887
1561.42102051,705.024108887
1561.42102051,705.024108887
1561.42102051,705.024108887
1561.42102051,705.024108887
1561.42102051,705.024108887
1561.42102051,705.024108887
1561.42102051,705.024108887
1561.42102051,705.024108887
1561.42102051,705.024108887
1561.42102051,705.024108887
1561.42102051,705.024108887
1561.42102051,705.024108887
1561.42102051,705.024108887
1561.42102051,705.024108887
1561.42102051,705.024108887
1561.42102051,705.024108887
1561.42102051,705.024108887
1561.42102051,705.024108887
