1522.85229492,874.296386719
1522.85229492,874.296386719
1522.85229492,874.296386719
1522.85229492,874.296386719
1522.85229492,874.296386719
1522.85229492,874.296386719
1522.85229492,874.296386719
1522.85229492,874.296386719
1522.85229492,874.296386719
1522.85229492,874.296386719
1522.85229492,874.296386719
1522.85229492,874.296386719
1522.85229492,874.296386719
1522.85229492,874.296386719
1522.85229492,874.296386719
1522.85229492,874.296386719
1522.85229492,874.296386719
1522.85229492,874.296386719
1522.85229492,874.296386719
1522.85229492,874.296386719
1522.85229492,874.296386719
1522.85229492,874.296386719
1522.85229492,874.296386719
1522.85229492,874.296386719
1522.85229492,874.296386719
1522.85229492,874.296386719
1522.85229492,874.296386719
1522.85229492,874.296386719
1522.85229492,874.296386719
1522.85229492,874.296386719
1522.85229492,874.296386719
1522.85229492,874.296386719
1522.85229492,874.296386719
1522.85229492,874.296386719
1522.85229492,874.296386719
1522.85229492,874.296386719
1522.85229492,874.296386719
1522.85229492,874.296386719
1522.85229492,874.296386719
1522.85229492,874.296386719
1522.85229492,874.296386719
1522.85229492,874.296386719
1522.85229492,874.296386719
1522.85229492,874.296386719
1522.85229492,874.296386719
1522.85229492,874.296386719
1522.85229492,874.296386719
1522.85229492,874.296386719
1522.85229492,874.296386719
1522.85229492,874.296386719
1522.85229492,874.296386719
1522.85229492,874.296386719
1522.85229492,874.296386719
1522.85229492,874.296386719
1522.85229492,874.296386719
1522.85229492,874.296386719
1522.85229492,874.296386719
1522.85229492,874.296386719
1522.85229492,874.296386719
1522.85229492,874.296386719
1522.85229492,874.296386719
1522.85229492,874.296386719
1522.85229492,874.296386719
1522.85229492,874.296386719
1522.85229492,874.296386719
1522.85229492,874.296386719
1522.85229492,874.296386719
1522.85229492,874.296386719
1522.85229492,874.296386719
1522.85229492,874.296386719
1522.85229492,874.296386719
1522.85229492,874.296386719
1522.85229492,874.296386719
1522.85229492,874.296386719
1522.85229492,874.296386719
1522.85229492,874.296386719
1522.85229492,874.296386719
1522.85229492,874.296386719
1522.85229492,874.296386719
1522.85229492,874.296386719
1522.85229492,874.296386719
1522.85229492,874.296386719
1522.85229492,874.296386719
1522.85229492,874.296386719
1522.85229492,874.296386719
1522.85229492,874.296386719
1522.85229492,874.296386719
1522.85229492,874.296386719
1522.85229492,874.296386719
1522.85229492,874.296386719
1522.85229492,874.296386719
1522.85229492,874.296386719
1522.85229492,874.296386719
1522.85229492,874.296386719
1522.85229492,877.879577637
1522.85229492,877.879577637
1522.85229492,877.879577637
1522.85229492,877.879577637
1522.85229492,877.879577637
1522.85229492,877.879577637
1522.85229492,877.879577637
