1675.46899414,833.587341309
1675.46899414,833.587341309
1675.46899414,833.587341309
1675.46899414,833.587341309
1675.46899414,833.587341309
1675.46899414,833.587341309
1675.46899414,833.587341309
1675.46899414,833.587341309
1675.46899414,833.587341309
1675.46899414,833.587341309
1675.46899414,833.587341309
1675.46899414,833.587341309
1675.46899414,833.587341309
1675.46899414,833.587341309
1675.46899414,833.587341309
1675.46899414,833.587341309
1675.46899414,833.587341309
1675.46899414,833.587341309
1675.46899414,833.587341309
1675.46899414,833.587341309
1675.46899414,833.587341309
1675.46899414,833.587341309
1675.46899414,833.587341309
1675.46899414,833.587341309
1675.46899414,833.587341309
1675.46899414,833.587341309
1675.46899414,833.587341309
1675.46899414,833.587341309
1675.46899414,833.587341309
1675.46899414,833.587341309
1675.46899414,831.51373291
1675.46899414,833.587341309
1675.46899414,833.587341309
1675.46899414,831.51373291
1675.46899414,831.51373291
1675.46899414,831.51373291
1675.46899414,831.51373291
1675.46899414,831.51373291
1675.46899414,831.51373291
1675.46899414,831.51373291
1675.46899414,831.51373291
1675.46899414,831.51373291
1675.46899414,831.51373291
1675.46899414,831.51373291
1675.46899414,831.51373291
1675.46899414,831.51373291
1675.46899414,831.51373291
1675.46899414,831.51373291
1675.46899414,831.51373291
1675.46899414,831.51373291
1675.46899414,831.51373291
1675.46899414,831.51373291
1675.46899414,831.51373291
1675.46899414,831.51373291
1675.46899414,831.51373291
1675.46899414,831.51373291
1675.46899414,831.51373291
1675.46899414,831.51373291
1675.46899414,831.51373291
1675.46899414,831.51373291
1675.46899414,831.51373291
1675.46899414,831.51373291
1675.46899414,831.51373291
1675.46899414,831.51373291
1675.46899414,831.51373291
1675.46899414,831.51373291
1675.46899414,831.51373291
1675.46899414,831.51373291
1675.46899414,831.51373291
1675.46899414,831.51373291
1675.46899414,831.51373291
1675.46899414,831.51373291
1675.46899414,831.51373291
1675.46899414,831.51373291
1675.46899414,831.51373291
1675.46899414,831.51373291
1675.46899414,831.51373291
1675.46899414,831.51373291
1675.46899414,831.51373291
1675.46899414,831.51373291
1675.46899414,831.51373291
1675.46899414,831.51373291
1675.46899414,831.51373291
1675.46899414,831.51373291
1675.46899414,831.51373291
1675.46899414,831.51373291
1675.46899414,831.51373291
1675.46899414,831.51373291
1675.46899414,831.51373291
1675.46899414,831.51373291
1675.46899414,831.51373291
1675.46899414,831.51373291
1675.46899414,831.51373291
1675.46899414,831.51373291
1675.46899414,831.51373291
1675.46899414,831.51373291
1675.46899414,831.51373291
1675.46899414,831.51373291
1677.54260254,831.51373291
1675.46899414,831.51373291
1677.54260254,833.587341309
