224.640014648,872.640014648
224.640014648,872.640014648
224.640014648,872.640014648
224.640014648,872.640014648
224.640014648,872.640014648
224.640014648,872.640014648
224.640014648,872.640014648
224.640014648,872.640014648
224.640014648,872.640014648
224.640014648,872.640014648
223.200012207,872.640014648
224.640014648,872.640014648
224.640014648,872.640014648
224.640014648,872.640014648
224.640014648,872.640014648
224.640014648,872.640014648
224.640014648,872.640014648
224.640014648,872.640014648
224.640014648,872.640014648
223.200012207,872.640014648
223.200012207,872.640014648
223.200012207,872.640014648
223.200012207,872.640014648
223.200012207,872.640014648
223.200012207,872.640014648
223.200012207,872.640014648
223.200012207,872.640014648
224.640014648,872.640014648
223.200012207,872.640014648
223.200012207,872.640014648
223.200012207,872.640014648
223.200012207,872.640014648
223.200012207,872.640014648
223.200012207,872.640014648
223.200012207,872.640014648
223.200012207,872.640014648
223.200012207,872.640014648
223.200012207,872.640014648
223.200012207,872.640014648
223.200012207,872.640014648
223.200012207,872.640014648
223.200012207,872.640014648
223.200012207,872.640014648
223.200012207,872.640014648
223.200012207,872.640014648
223.200012207,872.640014648
223.200012207,872.640014648
223.200012207,872.640014648
223.200012207,872.640014648
223.200012207,872.640014648
223.200012207,872.640014648
223.200012207,872.640014648
223.200012207,872.640014648
223.200012207,872.640014648
223.200012207,872.640014648
223.200012207,872.640014648
223.200012207,872.640014648
223.200012207,872.640014648
223.200012207,872.640014648
223.200012207,872.640014648
223.200012207,872.640014648
223.200012207,872.640014648
223.200012207,872.640014648
223.200012207,872.640014648
223.200012207,872.640014648
223.200012207,872.640014648
223.200012207,872.640014648
223.200012207,872.640014648
223.200012207,872.640014648
223.200012207,872.640014648
223.200012207,872.640014648
223.200012207,872.640014648
223.200012207,872.640014648
223.200012207,872.640014648
223.200012207,872.640014648
223.200012207,872.640014648
223.200012207,872.640014648
223.200012207,872.640014648
224.640014648,872.640014648
224.640014648,872.640014648
223.200012207,872.640014648
223.200012207,872.640014648
223.200012207,872.640014648
224.640014648,872.640014648
224.640014648,872.640014648
224.640014648,872.640014648
224.640014648,872.640014648
224.640014648,872.640014648
224.640014648,872.640014648
224.640014648,872.640014648
224.640014648,872.640014648
224.640014648,872.640014648
224.640014648,872.640014648
224.640014648,872.640014648
224.640014648,872.640014648
224.640014648,872.640014648
224.640014648,872.640014648
224.640014648,872.640014648
224.640014648,872.640014648
224.640014648,872.640014648
224.640014648,872.640014648
