1692.05786133,705.024108887
1692.05786133,705.024108887
1692.05786133,705.024108887
1692.05786133,705.024108887
1692.05786133,705.024108887
1692.05786133,705.024108887
1692.05786133,705.024108887
1692.05786133,705.024108887
1692.05786133,705.024108887
1692.05786133,705.024108887
1692.05786133,705.024108887
1692.05786133,705.024108887
1692.05786133,705.024108887
1692.05786133,705.024108887
1692.05786133,705.024108887
1692.05786133,705.024108887
1692.05786133,705.024108887
1692.05786133,705.024108887
1692.05786133,705.024108887
1692.05786133,705.024108887
1692.05786133,705.024108887
1692.05786133,705.024108887
1689.98425293,705.024108887
1689.98425293,705.024108887
1689.98425293,705.024108887
1689.98425293,705.024108887
1689.98425293,705.024108887
1689.98425293,705.024108887
1689.98425293,705.024108887
1689.98425293,705.024108887
1689.98425293,705.024108887
1689.98425293,705.024108887
1689.98425293,705.024108887
1689.98425293,705.024108887
1689.98425293,705.024108887
1689.98425293,705.024108887
1689.98425293,705.024108887
1689.98425293,705.024108887
1689.98425293,705.024108887
1689.98425293,705.024108887
1689.98425293,705.024108887
1689.98425293,705.024108887
1689.98425293,705.024108887
1689.98425293,702.950500488
1689.98425293,705.024108887
1689.98425293,702.950500488
1689.98425293,705.024108887
1689.98425293,702.950500488
1689.98425293,702.950500488
1689.98425293,705.024108887
1692.05786133,705.024108887
1692.05786133,705.024108887
1692.05786133,705.024108887
1692.05786133,705.024108887
1692.05786133,705.024108887
1692.05786133,705.024108887
1692.05786133,705.024108887
1692.05786133,705.024108887
1692.05786133,705.024108887
1692.05786133,705.024108887
1692.05786133,705.024108887
1692.05786133,705.024108887
1692.05786133,705.024108887
1692.05786133,705.024108887
1692.05786133,705.024108887
1692.05786133,705.024108887
1692.05786133,705.024108887
1692.05786133,705.024108887
1692.05786133,705.024108887
1692.05786133,705.024108887
1692.05786133,705.024108887
1692.05786133,705.024108887
1692.05786133,705.024108887
1692.05786133,705.024108887
1692.05786133,702.950500488
1692.05786133,705.024108887
1692.05786133,702.950500488
1692.05786133,705.024108887
1692.05786133,705.024108887
1692.05786133,702.950500488
1692.05786133,702.950500488
1692.05786133,702.950500488
1692.05786133,702.950500488
1692.05786133,702.950500488
1692.05786133,702.950500488
1692.05786133,702.950500488
1692.05786133,702.950500488
1692.05786133,702.950500488
1692.05786133,702.950500488
1692.05786133,702.950500488
1692.05786133,702.950500488
1692.05786133,702.950500488
1692.05786133,702.950500488
1692.05786133,702.950500488
1692.05786133,702.950500488
1692.05786133,702.950500488
1692.05786133,702.950500488
1692.05786133,702.950500488
1692.05786133,702.950500488
1692.05786133,702.950500488
1692.05786133,702.950500488
