1694.8449707,748.885009766
1694.8449707,748.885009766
1694.8449707,748.885009766
1694.8449707,748.885009766
1694.8449707,748.885009766
1694.8449707,748.885009766
1694.8449707,748.885009766
1694.8449707,748.885009766
1694.8449707,748.885009766
1694.8449707,748.885009766
1694.8449707,748.885009766
1694.8449707,748.885009766
1694.8449707,748.885009766
1694.8449707,748.885009766
1694.8449707,748.885009766
1694.8449707,748.885009766
1694.8449707,748.885009766
1694.8449707,748.885009766
1694.8449707,748.885009766
1694.8449707,748.885009766
1694.8449707,748.885009766
1694.8449707,748.885009766
1694.8449707,748.885009766
1694.8449707,748.885009766
1694.8449707,748.885009766
1694.8449707,748.885009766
1694.8449707,748.885009766
1694.8449707,748.885009766
1694.8449707,748.885009766
1694.8449707,748.885009766
1694.8449707,748.885009766
1694.8449707,748.885009766
1694.8449707,748.885009766
1694.8449707,748.885009766
1694.8449707,748.885009766
1694.8449707,748.885009766
1694.8449707,748.885009766
1694.8449707,748.885009766
1694.8449707,748.885009766
1694.8449707,748.885009766
1694.8449707,748.885009766
1694.8449707,748.885009766
1694.8449707,748.885009766
1694.8449707,748.885009766
1694.8449707,748.885009766
1694.8449707,748.885009766
1694.8449707,748.885009766
1694.8449707,748.885009766
1694.8449707,748.885009766
1694.8449707,748.885009766
1694.8449707,748.885009766
1694.8449707,748.885009766
1694.8449707,748.885009766
1694.8449707,748.885009766
1694.8449707,748.885009766
1694.8449707,748.885009766
1694.8449707,748.885009766
1694.8449707,748.885009766
1694.8449707,748.885009766
1694.8449707,748.885009766
1694.8449707,748.885009766
1694.8449707,748.885009766
1694.8449707,748.885009766
1694.8449707,748.885009766
1694.8449707,748.885009766
1694.8449707,748.885009766
1694.8449707,748.885009766
1694.8449707,748.885009766
1694.8449707,748.885009766
1694.8449707,748.885009766
1694.8449707,748.885009766
1694.8449707,748.885009766
1694.8449707,752.468200684
1694.8449707,748.885009766
1694.8449707,752.468200684
1694.8449707,752.468200684
1694.8449707,752.468200684
1694.8449707,752.468200684
1694.8449707,752.468200684
1694.8449707,752.468200684
1694.8449707,752.468200684
1694.8449707,752.468200684
1694.8449707,752.468200684
1694.8449707,752.468200684
1694.8449707,752.468200684
1694.8449707,752.468200684
1694.8449707,752.468200684
1694.8449707,752.468200684
1694.8449707,752.468200684
1694.8449707,752.468200684
1694.8449707,752.468200684
1694.8449707,752.468200684
1694.8449707,752.468200684
1694.8449707,752.468200684
1694.8449707,752.468200684
1694.8449707,752.468200684
1694.8449707,752.468200684
1694.8449707,752.468200684
1694.8449707,752.468200684
1694.8449707,752.468200684
1694.8449707,752.468200684
