1615.33459473,719.539306641
1615.33459473,719.539306641
1615.33459473,719.539306641
1615.33459473,719.539306641
1615.33459473,719.539306641
1615.33459473,719.539306641
1615.33459473,719.539306641
1615.33459473,719.539306641
1615.33459473,719.539306641
1615.33459473,719.539306641
1615.33459473,719.539306641
1615.33459473,719.539306641
1615.33459473,719.539306641
1615.33459473,719.539306641
1615.33459473,719.539306641
1615.33459473,719.539306641
1615.33459473,719.539306641
1615.33459473,719.539306641
1615.33459473,719.539306641
1615.33459473,719.539306641
1615.33459473,719.539306641
1615.33459473,719.539306641
1615.33459473,719.539306641
1615.33459473,719.539306641
1615.33459473,719.539306641
1615.33459473,719.539306641
1615.33459473,719.539306641
1615.33459473,719.539306641
1615.33459473,719.539306641
1615.33459473,719.539306641
1615.33459473,719.539306641
1615.33459473,719.539306641
1615.33459473,719.539306641
1615.33459473,719.539306641
1615.33459473,719.539306641
1615.33459473,721.612915039
1615.33459473,721.612915039
1615.33459473,721.612915039
1615.33459473,721.612915039
1615.33459473,721.612915039
1615.33459473,721.612915039
1615.33459473,721.612915039
1615.33459473,719.539306641
1615.33459473,719.539306641
1615.33459473,719.539306641
1615.33459473,719.539306641
1615.33459473,719.539306641
1615.33459473,719.539306641
1615.33459473,719.539306641
1615.33459473,719.539306641
1615.33459473,719.539306641
1615.33459473,719.539306641
1615.33459473,719.539306641
1615.33459473,719.539306641
1615.33459473,719.539306641
1615.33459473,719.539306641
1615.33459473,719.539306641
1615.33459473,719.539306641
1615.33459473,719.539306641
1615.33459473,719.539306641
1615.33459473,719.539306641
1615.33459473,719.539306641
1615.33459473,719.539306641
1615.33459473,719.539306641
1615.33459473,719.539306641
1615.33459473,719.539306641
1615.33459473,719.539306641
1615.33459473,719.539306641
1615.33459473,719.539306641
1615.33459473,719.539306641
1615.33459473,719.539306641
1615.33459473,719.539306641
1615.33459473,719.539306641
1615.33459473,719.539306641
1615.33459473,719.539306641
1615.33459473,719.539306641
1615.33459473,719.539306641
1615.33459473,719.539306641
1615.33459473,719.539306641
1615.33459473,719.539306641
1615.33459473,719.539306641
1615.33459473,719.539306641
1615.33459473,719.539306641
1615.33459473,719.539306641
1615.33459473,719.539306641
1615.33459473,719.539306641
1615.33459473,719.539306641
1615.33459473,719.539306641
1615.33459473,719.539306641
1615.33459473,719.539306641
1615.33459473,719.539306641
1615.33459473,719.539306641
1615.33459473,719.539306641
1615.33459473,719.539306641
1615.33459473,719.539306641
1615.33459473,719.539306641
1615.33459473,719.539306641
1615.33459473,719.539306641
1615.33459473,719.539306641
1615.33459473,719.539306641
1615.33459473,719.539306641
