1755.7590332,922.669311523
1755.7590332,922.669311523
1755.7590332,922.669311523
1755.7590332,922.669311523
1755.7590332,922.669311523
1755.7590332,922.669311523
1755.7590332,922.669311523
1755.7590332,922.669311523
1755.7590332,922.669311523
1755.7590332,922.669311523
1755.7590332,922.669311523
1755.7590332,922.669311523
1755.7590332,922.669311523
1755.7590332,922.669311523
1755.7590332,922.669311523
1755.7590332,922.669311523
1755.7590332,922.669311523
1755.7590332,922.669311523
1755.7590332,922.669311523
1755.7590332,922.669311523
1755.7590332,922.669311523
1755.7590332,922.669311523
1755.7590332,922.669311523
1755.7590332,922.669311523
1755.7590332,922.669311523
1755.7590332,922.669311523
1755.7590332,922.669311523
1755.7590332,922.669311523
1755.7590332,922.669311523
1755.7590332,922.669311523
1755.7590332,922.669311523
1755.7590332,922.669311523
1755.7590332,922.669311523
1755.7590332,922.669311523
1755.7590332,922.669311523
1755.7590332,922.669311523
1755.7590332,922.669311523
1755.7590332,922.669311523
1755.7590332,922.669311523
1755.7590332,922.669311523
1755.7590332,922.669311523
1755.7590332,922.669311523
1755.7590332,922.669311523
1755.7590332,922.669311523
1755.7590332,922.669311523
1755.7590332,922.669311523
1755.7590332,922.669311523
1755.7590332,922.669311523
1755.7590332,922.669311523
1755.7590332,922.669311523
1755.7590332,922.669311523
1755.7590332,922.669311523
1755.7590332,922.669311523
1755.7590332,922.669311523
1755.7590332,922.669311523
1755.7590332,922.669311523
1755.7590332,922.669311523
1755.7590332,922.669311523
1755.7590332,922.669311523
1755.7590332,922.669311523
1755.7590332,922.669311523
1755.7590332,922.669311523
1758.74499512,922.669311523
1758.74499512,922.669311523
1758.74499512,922.669311523
1758.74499512,922.669311523
1758.74499512,922.669311523
1758.74499512,922.669311523
1758.74499512,922.669311523
1758.74499512,922.669311523
1758.74499512,922.669311523
1758.74499512,922.669311523
1758.74499512,922.669311523
1758.74499512,922.669311523
1758.74499512,922.669311523
1758.74499512,922.669311523
1758.74499512,922.669311523
1758.74499512,922.669311523
1758.74499512,922.669311523
1758.74499512,922.669311523
1758.74499512,922.669311523
1758.74499512,922.669311523
1758.74499512,922.669311523
1758.74499512,922.669311523
1758.74499512,922.669311523
1758.74499512,922.669311523
1758.74499512,922.669311523
1758.74499512,922.669311523
1758.74499512,922.669311523
1758.74499512,922.669311523
1758.74499512,922.669311523
1758.74499512,922.669311523
1758.74499512,922.669311523
1758.74499512,922.669311523
1758.74499512,922.669311523
1758.74499512,922.669311523
1758.74499512,919.683349609
1758.74499512,919.683349609
1758.74499512,919.683349609
1758.74499512,919.683349609
1758.74499512,919.683349609
