1585.06018066,684.288146973
1585.06018066,684.288146973
1585.06018066,684.288146973
1585.06018066,684.288146973
1585.06018066,684.288146973
1585.06018066,684.288146973
1585.06018066,684.288146973
1585.06018066,684.288146973
1585.06018066,684.288146973
1585.06018066,684.288146973
1585.06018066,684.288146973
1585.06018066,684.288146973
1585.06018066,684.288146973
1585.06018066,684.288146973
1585.06018066,684.288146973
1585.06018066,684.288146973
1585.06018066,684.288146973
1585.06018066,684.288146973
1585.06018066,684.288146973
1585.06018066,684.288146973
1585.06018066,684.288146973
1585.06018066,684.288146973
1585.06018066,684.288146973
1582.57189941,684.288146973
1582.57189941,684.288146973
1585.06018066,684.288146973
1582.57189941,684.288146973
1582.57189941,684.288146973
1582.57189941,684.288146973
1582.57189941,684.288146973
1582.57189941,684.288146973
1582.57189941,684.288146973
1582.57189941,684.288146973
1582.57189941,684.288146973
1582.57189941,684.288146973
1582.57189941,684.288146973
1582.57189941,684.288146973
1582.57189941,684.288146973
1582.57189941,684.288146973
1582.57189941,684.288146973
1582.57189941,684.288146973
1582.57189941,684.288146973
1582.57189941,684.288146973
1582.57189941,684.288146973
1582.57189941,684.288146973
1582.57189941,684.288146973
1582.57189941,684.288146973
1582.57189941,684.288146973
1582.57189941,684.288146973
1582.57189941,684.288146973
1582.57189941,684.288146973
1582.57189941,684.288146973
1582.57189941,684.288146973
1582.57189941,684.288146973
1582.57189941,684.288146973
1582.57189941,684.288146973
1582.57189941,684.288146973
1582.57189941,684.288146973
1582.57189941,684.288146973
1582.57189941,684.288146973
1582.57189941,684.288146973
1582.57189941,684.288146973
1582.57189941,684.288146973
1582.57189941,684.288146973
1582.57189941,684.288146973
1582.57189941,684.288146973
1582.57189941,684.288146973
1582.57189941,684.288146973
1582.57189941,684.288146973
1582.57189941,684.288146973
1582.57189941,684.288146973
1582.57189941,684.288146973
1582.57189941,684.288146973
1582.57189941,684.288146973
1582.57189941,684.288146973
1582.57189941,684.288146973
1582.57189941,684.288146973
1582.57189941,684.288146973
1582.57189941,684.288146973
1582.57189941,684.288146973
1582.57189941,684.288146973
1582.57189941,684.288146973
1582.57189941,684.288146973
1582.57189941,684.288146973
1582.57189941,684.288146973
1582.57189941,684.288146973
1582.57189941,684.288146973
1582.57189941,684.288146973
1582.57189941,684.288146973
1582.57189941,684.288146973
1582.57189941,684.288146973
1582.57189941,684.288146973
1582.57189941,684.288146973
1582.57189941,684.288146973
1582.57189941,684.288146973
1582.57189941,684.288146973
1582.57189941,684.288146973
1582.57189941,684.288146973
1582.57189941,684.288146973
1582.57189941,684.288146973
1582.57189941,684.288146973
