1603.47387695,871.907592773
1603.47387695,871.907592773
1603.47387695,871.907592773
1603.47387695,871.907592773
1603.47387695,871.907592773
1603.47387695,874.893554688
1603.47387695,874.893554688
1603.47387695,874.893554688
1603.47387695,874.893554688
1603.47387695,874.893554688
1603.47387695,874.893554688
1603.47387695,874.893554688
1603.47387695,874.893554688
1603.47387695,874.893554688
1603.47387695,874.893554688
1603.47387695,874.893554688
1603.47387695,874.893554688
1603.47387695,874.893554688
1603.47387695,874.893554688
1603.47387695,874.893554688
1603.47387695,874.893554688
1603.47387695,874.893554688
1603.47387695,874.893554688
1603.47387695,874.893554688
1603.47387695,874.893554688
1603.47387695,874.893554688
1603.47387695,874.893554688
1603.47387695,874.893554688
1603.47387695,874.893554688
1603.47387695,874.893554688
1603.47387695,874.893554688
1603.47387695,874.893554688
1603.47387695,874.893554688
1603.47387695,874.893554688
1603.47387695,874.893554688
1603.47387695,874.893554688
1603.47387695,874.893554688
1603.47387695,874.893554688
1603.47387695,874.893554688
1603.47387695,874.893554688
1603.47387695,874.893554688
1603.47387695,874.893554688
1603.47387695,874.893554688
1603.47387695,874.893554688
1603.47387695,874.893554688
1603.47387695,874.893554688
1603.47387695,874.893554688
1603.47387695,874.893554688
1603.47387695,874.893554688
1603.47387695,874.893554688
1603.47387695,874.893554688
1603.47387695,874.893554688
1603.47387695,874.893554688
1603.47387695,874.893554688
1603.47387695,874.893554688
1603.47387695,874.893554688
1603.47387695,874.893554688
1603.47387695,874.893554688
1603.47387695,874.893554688
1603.47387695,874.893554688
1603.47387695,874.893554688
1603.47387695,874.893554688
1603.47387695,874.893554688
1603.47387695,874.893554688
1603.47387695,874.893554688
1603.47387695,874.893554688
1603.47387695,874.893554688
1603.47387695,874.893554688
1603.47387695,874.893554688
1603.47387695,874.893554688
1603.47387695,874.893554688
1603.47387695,874.893554688
1603.47387695,874.893554688
1603.47387695,874.893554688
1603.47387695,874.893554688
1603.47387695,874.893554688
1603.47387695,874.893554688
1603.47387695,874.893554688
1603.47387695,874.893554688
1603.47387695,874.893554688
1603.47387695,871.907592773
1603.47387695,871.907592773
1603.47387695,871.907592773
1603.47387695,871.907592773
1603.47387695,871.907592773
1603.47387695,871.907592773
1603.47387695,871.907592773
1603.47387695,871.907592773
1603.47387695,871.907592773
1603.47387695,871.907592773
1603.47387695,871.907592773
1603.47387695,871.907592773
1603.47387695,871.907592773
1603.47387695,871.907592773
1603.47387695,871.907592773
1603.47387695,871.907592773
1603.47387695,871.907592773
1603.47387695,871.907592773
1603.47387695,871.907592773
1603.47387695,871.907592773
1603.47387695,871.907592773
