1598.09912109,713.053161621
1598.09912109,713.053161621
1598.09912109,713.053161621
1598.09912109,713.053161621
1598.09912109,713.053161621
1598.09912109,713.053161621
1598.09912109,713.053161621
1598.09912109,713.053161621
1598.09912109,713.053161621
1598.09912109,713.053161621
1598.09912109,713.053161621
1598.09912109,713.053161621
1598.09912109,713.053161621
1598.09912109,713.053161621
1598.09912109,713.053161621
1598.09912109,713.053161621
1601.68225098,713.053161621
1601.68225098,713.053161621
1601.68225098,713.053161621
1601.68225098,713.053161621
1601.68225098,713.053161621
1601.68225098,713.053161621
1601.68225098,713.053161621
1601.68225098,713.053161621
1601.68225098,713.053161621
1601.68225098,713.053161621
1601.68225098,713.053161621
1601.68225098,713.053161621
1601.68225098,713.053161621
1601.68225098,713.053161621
1601.68225098,713.053161621
1601.68225098,713.053161621
1601.68225098,713.053161621
1601.68225098,713.053161621
1601.68225098,713.053161621
1601.68225098,713.053161621
1601.68225098,713.053161621
1601.68225098,713.053161621
1601.68225098,713.053161621
1601.68225098,713.053161621
1601.68225098,713.053161621
1601.68225098,713.053161621
1601.68225098,713.053161621
1601.68225098,713.053161621
1601.68225098,713.053161621
1601.68225098,713.053161621
1601.68225098,713.053161621
1601.68225098,713.053161621
1601.68225098,713.053161621
1601.68225098,713.053161621
1601.68225098,713.053161621
1601.68225098,713.053161621
1601.68225098,713.053161621
1601.68225098,713.053161621
1601.68225098,713.053161621
1601.68225098,713.053161621
1601.68225098,713.053161621
1601.68225098,713.053161621
1601.68225098,713.053161621
1601.68225098,713.053161621
1601.68225098,713.053161621
1601.68225098,713.053161621
1601.68225098,713.053161621
1601.68225098,713.053161621
1601.68225098,713.053161621
1601.68225098,713.053161621
1601.68225098,713.053161621
1601.68225098,713.053161621
1601.68225098,713.053161621
1601.68225098,713.053161621
1601.68225098,713.053161621
1601.68225098,713.053161621
1601.68225098,713.053161621
1601.68225098,713.053161621
1601.68225098,713.053161621
1601.68225098,713.053161621
1601.68225098,713.053161621
1601.68225098,713.053161621
1601.68225098,713.053161621
1601.68225098,713.053161621
1601.68225098,713.053161621
1601.68225098,713.053161621
1601.68225098,713.053161621
1601.68225098,713.053161621
1601.68225098,713.053161621
1601.68225098,713.053161621
1601.68225098,713.053161621
1601.68225098,713.053161621
1601.68225098,713.053161621
1601.68225098,713.053161621
1601.68225098,713.053161621
1601.68225098,713.053161621
1601.68225098,713.053161621
1601.68225098,713.053161621
1601.68225098,713.053161621
1601.68225098,713.053161621
1601.68225098,713.053161621
1601.68225098,713.053161621
1601.68225098,713.053161621
1601.68225098,713.053161621
1601.68225098,713.053161621
