1581.12011719,649.728088379
1581.12011719,649.728088379
1581.12011719,649.728088379
1581.12011719,649.728088379
1581.12011719,649.728088379
1581.12011719,649.728088379
1581.12011719,649.728088379
1581.12011719,649.728088379
1581.12011719,649.728088379
1581.12011719,649.728088379
1581.12011719,649.728088379
1581.12011719,649.728088379
1581.12011719,649.728088379
1581.12011719,649.728088379
1581.12011719,649.728088379
1581.12011719,649.728088379
1581.12011719,649.728088379
1581.12011719,649.728088379
1581.12011719,649.728088379
1581.12011719,649.728088379
1581.12011719,649.728088379
1581.12011719,649.728088379
1581.12011719,649.728088379
1581.12011719,649.728088379
1581.12011719,649.728088379
1581.12011719,649.728088379
1581.12011719,649.728088379
1581.12011719,649.728088379
1581.12011719,649.728088379
1581.12011719,649.728088379
1581.12011719,649.728088379
1581.12011719,649.728088379
1581.12011719,649.728088379
1581.12011719,649.728088379
1581.12011719,649.728088379
1581.12011719,649.728088379
1581.12011719,649.728088379
1581.12011719,649.728088379
1581.12011719,649.728088379
1581.12011719,649.728088379
1581.12011719,649.728088379
1581.12011719,649.728088379
1581.12011719,649.728088379
1581.12011719,649.728088379
1581.12011719,649.728088379
1581.12011719,649.728088379
1581.12011719,649.728088379
1581.12011719,649.728088379
1581.12011719,649.728088379
1581.12011719,649.728088379
1581.12011719,649.728088379
1581.12011719,649.728088379
1581.12011719,649.728088379
1581.12011719,649.728088379
1581.12011719,649.728088379
1581.12011719,649.728088379
1581.12011719,649.728088379
1581.12011719,649.728088379
1581.12011719,649.728088379
1581.12011719,649.728088379
1581.12011719,649.728088379
1581.12011719,649.728088379
1581.12011719,649.728088379
1581.12011719,649.728088379
1581.12011719,649.728088379
1581.12011719,649.728088379
1581.12011719,649.728088379
1581.12011719,649.728088379
1581.12011719,649.728088379
1581.12011719,649.728088379
1581.12011719,649.728088379
1581.12011719,649.728088379
1581.12011719,649.728088379
1581.12011719,649.728088379
1581.12011719,649.728088379
1581.12011719,649.728088379
1581.12011719,649.728088379
1581.12011719,649.728088379
1581.12011719,649.728088379
1581.12011719,649.728088379
1581.12011719,649.728088379
1581.12011719,649.728088379
1581.12011719,649.728088379
1581.12011719,649.728088379
1581.12011719,649.728088379
1581.12011719,649.728088379
1579.39208984,649.728088379
1579.39208984,649.728088379
1579.39208984,649.728088379
1579.39208984,649.728088379
1579.39208984,649.728088379
1579.39208984,649.728088379
1579.39208984,649.728088379
1579.39208984,649.728088379
1579.39208984,649.728088379
1579.39208984,649.728088379
1579.39208984,649.728088379
1579.39208984,649.728088379
1579.39208984,649.728088379
1579.39208984,649.728088379
1579.39208984,649.728088379
