1596.67224121,680.140869141
1596.67224121,680.140869141
1598.74584961,682.214477539
1598.74584961,682.214477539
1598.74584961,682.214477539
1598.74584961,682.214477539
1598.74584961,682.214477539
1598.74584961,682.214477539
1598.74584961,682.214477539
1598.74584961,682.214477539
1598.74584961,682.214477539
1598.74584961,682.214477539
1598.74584961,682.214477539
1598.74584961,682.214477539
1598.74584961,682.214477539
1598.74584961,682.214477539
1598.74584961,682.214477539
1598.74584961,682.214477539
1598.74584961,682.214477539
1598.74584961,682.214477539
1598.74584961,682.214477539
1598.74584961,682.214477539
1598.74584961,682.214477539
1598.74584961,682.214477539
1598.74584961,682.214477539
1598.74584961,682.214477539
1598.74584961,682.214477539
1598.74584961,682.214477539
1598.74584961,682.214477539
1598.74584961,682.214477539
1598.74584961,682.214477539
1598.74584961,682.214477539
1598.74584961,682.214477539
1598.74584961,682.214477539
1598.74584961,682.214477539
1598.74584961,682.214477539
1598.74584961,682.214477539
1598.74584961,682.214477539
1598.74584961,682.214477539
1598.74584961,682.214477539
1598.74584961,682.214477539
1598.74584961,682.214477539
1598.74584961,682.214477539
1598.74584961,682.214477539
1598.74584961,682.214477539
1598.74584961,682.214477539
1598.74584961,682.214477539
1598.74584961,682.214477539
1598.74584961,682.214477539
1598.74584961,682.214477539
1598.74584961,682.214477539
1598.74584961,682.214477539
1598.74584961,682.214477539
1598.74584961,682.214477539
1598.74584961,682.214477539
1598.74584961,682.214477539
1598.74584961,682.214477539
1598.74584961,682.214477539
1598.74584961,682.214477539
1598.74584961,682.214477539
1598.74584961,682.214477539
1598.74584961,682.214477539
1598.74584961,682.214477539
1598.74584961,682.214477539
1598.74584961,682.214477539
1598.74584961,682.214477539
1598.74584961,680.140869141
1598.74584961,680.140869141
1598.74584961,680.140869141
1598.74584961,680.140869141
1598.74584961,680.140869141
1598.74584961,680.140869141
1598.74584961,680.140869141
1598.74584961,680.140869141
1598.74584961,680.140869141
1598.74584961,680.140869141
1598.74584961,680.140869141
1598.74584961,680.140869141
1598.74584961,680.140869141
1598.74584961,680.140869141
1598.74584961,680.140869141
1598.74584961,680.140869141
1598.74584961,680.140869141
1598.74584961,680.140869141
1598.74584961,680.140869141
1598.74584961,680.140869141
1598.74584961,680.140869141
1598.74584961,680.140869141
1598.74584961,680.140869141
1598.74584961,680.140869141
1598.74584961,680.140869141
1598.74584961,680.140869141
1598.74584961,680.140869141
1598.74584961,680.140869141
1598.74584961,680.140869141
1598.74584961,680.140869141
1598.74584961,680.140869141
1598.74584961,680.140869141
1598.74584961,680.140869141
1598.74584961,680.140869141
1598.74584961,680.140869141
