1687.91064453,860.544128418
1687.91064453,860.544128418
1687.91064453,860.544128418
1687.91064453,860.544128418
1687.91064453,860.544128418
1687.91064453,860.544128418
1687.91064453,860.544128418
1687.91064453,860.544128418
1687.91064453,860.544128418
1687.91064453,860.544128418
1687.91064453,860.544128418
1687.91064453,860.544128418
1687.91064453,860.544128418
1687.91064453,860.544128418
1687.91064453,860.544128418
1687.91064453,860.544128418
1687.91064453,860.544128418
1687.91064453,860.544128418
1687.91064453,860.544128418
1687.91064453,860.544128418
1687.91064453,860.544128418
1687.91064453,860.544128418
1687.91064453,860.544128418
1687.91064453,860.544128418
1687.91064453,860.544128418
1687.91064453,860.544128418
1687.91064453,860.544128418
1687.91064453,860.544128418
1687.91064453,860.544128418
1687.91064453,860.544128418
1687.91064453,860.544128418
1687.91064453,860.544128418
1687.91064453,860.544128418
1687.91064453,860.544128418
1687.91064453,860.544128418
1687.91064453,860.544128418
1687.91064453,860.544128418
1687.91064453,860.544128418
1687.91064453,860.544128418
1687.91064453,860.544128418
1687.91064453,860.544128418
1687.91064453,860.544128418
1687.91064453,860.544128418
1687.91064453,860.544128418
1687.91064453,860.544128418
1687.91064453,860.544128418
1687.91064453,860.544128418
1687.91064453,860.544128418
1687.91064453,860.544128418
1687.91064453,860.544128418
1687.91064453,860.544128418
1687.91064453,860.544128418
1687.91064453,860.544128418
1687.91064453,860.544128418
1687.91064453,860.544128418
1687.91064453,860.544128418
1687.91064453,860.544128418
1687.91064453,860.544128418
1687.91064453,860.544128418
1685.83703613,860.544128418
1685.83703613,860.544128418
1685.83703613,860.544128418
1685.83703613,860.544128418
1685.83703613,860.544128418
1685.83703613,860.544128418
1685.83703613,860.544128418
1685.83703613,860.544128418
1685.83703613,860.544128418
1685.83703613,860.544128418
1685.83703613,860.544128418
1685.83703613,860.544128418
1685.83703613,860.544128418
1685.83703613,860.544128418
1685.83703613,860.544128418
1685.83703613,860.544128418
1685.83703613,860.544128418
1685.83703613,860.544128418
1685.83703613,860.544128418
1685.83703613,860.544128418
1685.83703613,860.544128418
1683.76342773,860.544128418
1683.76342773,860.544128418
1683.76342773,860.544128418
1683.76342773,860.544128418
1683.76342773,860.544128418
1683.76342773,860.544128418
1683.76342773,860.544128418
1683.76342773,860.544128418
1683.76342773,860.544128418
1683.76342773,860.544128418
1683.76342773,860.544128418
1683.76342773,860.544128418
1683.76342773,860.544128418
1683.76342773,860.544128418
1683.76342773,860.544128418
1683.76342773,860.544128418
1683.76342773,860.544128418
1683.76342773,860.544128418
1683.76342773,860.544128418
1683.76342773,860.544128418
1683.76342773,860.544128418
