1615.33459473,719.539306641
1615.33459473,719.539306641
1615.33459473,719.539306641
1615.33459473,719.539306641
1615.33459473,719.539306641
1615.33459473,719.539306641
1615.33459473,719.539306641
1615.33459473,719.539306641
1615.33459473,719.539306641
1615.33459473,719.539306641
1615.33459473,719.539306641
1615.33459473,719.539306641
1615.33459473,719.539306641
1615.33459473,719.539306641
1615.33459473,719.539306641
1615.33459473,719.539306641
1615.33459473,719.539306641
1615.33459473,719.539306641
1615.33459473,719.539306641
1615.33459473,719.539306641
1615.33459473,719.539306641
1615.33459473,719.539306641
1615.33459473,719.539306641
1615.33459473,719.539306641
1615.33459473,719.539306641
1615.33459473,719.539306641
1615.33459473,719.539306641
1615.33459473,719.539306641
1615.33459473,719.539306641
1615.33459473,719.539306641
1615.33459473,719.539306641
1617.40820312,719.539306641
1617.40820312,719.539306641
1617.40820312,719.539306641
1617.40820312,719.539306641
1617.40820312,719.539306641
1617.40820312,719.539306641
1617.40820312,719.539306641
1617.40820312,719.539306641
1617.40820312,719.539306641
1617.40820312,719.539306641
1617.40820312,719.539306641
1617.40820312,719.539306641
1617.40820312,719.539306641
1617.40820312,719.539306641
1617.40820312,719.539306641
1617.40820312,719.539306641
1617.40820312,719.539306641
1617.40820312,719.539306641
1617.40820312,719.539306641
1617.40820312,719.539306641
1617.40820312,719.539306641
1617.40820312,719.539306641
1617.40820312,719.539306641
1617.40820312,719.539306641
1617.40820312,719.539306641
1617.40820312,719.539306641
1617.40820312,719.539306641
1617.40820312,719.539306641
1617.40820312,719.539306641
1617.40820312,719.539306641
1617.40820312,719.539306641
1617.40820312,719.539306641
1617.40820312,721.612915039
1617.40820312,721.612915039
1617.40820312,721.612915039
1617.40820312,721.612915039
1617.40820312,721.612915039
1617.40820312,721.612915039
1617.40820312,721.612915039
1617.40820312,721.612915039
1617.40820312,721.612915039
1617.40820312,721.612915039
1617.40820312,721.612915039
1617.40820312,721.612915039
1617.40820312,721.612915039
1617.40820312,721.612915039
1617.40820312,721.612915039
1617.40820312,721.612915039
1617.40820312,721.612915039
1617.40820312,721.612915039
1617.40820312,721.612915039
1617.40820312,721.612915039
1617.40820312,721.612915039
1617.40820312,721.612915039
1617.40820312,721.612915039
1617.40820312,721.612915039
1617.40820312,721.612915039
1617.40820312,721.612915039
1617.40820312,721.612915039
1617.40820312,721.612915039
1617.40820312,721.612915039
1617.40820312,721.612915039
1617.40820312,721.612915039
1617.40820312,721.612915039
1617.40820312,721.612915039
1617.40820312,721.612915039
1617.40820312,721.612915039
1617.40820312,721.612915039
1617.40820312,721.612915039
1617.40820312,721.612915039
