1585.06018066,686.776489258
1585.06018066,686.776489258
1585.06018066,686.776489258
1585.06018066,686.776489258
1585.06018066,686.776489258
1585.06018066,686.776489258
1585.06018066,686.776489258
1585.06018066,686.776489258
1585.06018066,686.776489258
1585.06018066,686.776489258
1585.06018066,686.776489258
1585.06018066,686.776489258
1585.06018066,686.776489258
1585.06018066,686.776489258
1585.06018066,686.776489258
1585.06018066,686.776489258
1585.06018066,686.776489258
1585.06018066,686.776489258
1585.06018066,686.776489258
1585.06018066,686.776489258
1585.06018066,686.776489258
1585.06018066,686.776489258
1585.06018066,686.776489258
1585.06018066,686.776489258
1585.06018066,686.776489258
1585.06018066,686.776489258
1585.06018066,686.776489258
1585.06018066,686.776489258
1585.06018066,686.776489258
1585.06018066,686.776489258
1585.06018066,686.776489258
1585.06018066,686.776489258
1585.06018066,686.776489258
1585.06018066,686.776489258
1585.06018066,686.776489258
1585.06018066,686.776489258
1585.06018066,686.776489258
1585.06018066,686.776489258
1585.06018066,686.776489258
1585.06018066,686.776489258
1585.06018066,686.776489258
1585.06018066,686.776489258
1585.06018066,686.776489258
1585.06018066,686.776489258
1585.06018066,686.776489258
1585.06018066,686.776489258
1585.06018066,686.776489258
1585.06018066,686.776489258
1585.06018066,686.776489258
1585.06018066,686.776489258
1585.06018066,686.776489258
1585.06018066,686.776489258
1585.06018066,686.776489258
1585.06018066,686.776489258
1585.06018066,686.776489258
1585.06018066,686.776489258
1585.06018066,686.776489258
1585.06018066,686.776489258
1585.06018066,686.776489258
1585.06018066,686.776489258
1585.06018066,686.776489258
1585.06018066,686.776489258
1585.06018066,686.776489258
1585.06018066,686.776489258
1585.06018066,686.776489258
1585.06018066,686.776489258
1585.06018066,686.776489258
1585.06018066,686.776489258
1585.06018066,686.776489258
1585.06018066,686.776489258
1585.06018066,686.776489258
1585.06018066,686.776489258
1585.06018066,686.776489258
1585.06018066,686.776489258
1585.06018066,686.776489258
1585.06018066,686.776489258
1585.06018066,686.776489258
1585.06018066,686.776489258
1585.06018066,686.776489258
1585.06018066,686.776489258
1585.06018066,686.776489258
1585.06018066,684.288146973
1585.06018066,684.288146973
1585.06018066,684.288146973
1585.06018066,684.288146973
1585.06018066,684.288146973
1585.06018066,684.288146973
1585.06018066,684.288146973
1585.06018066,684.288146973
1585.06018066,684.288146973
1585.06018066,684.288146973
1585.06018066,684.288146973
1585.06018066,684.288146973
1585.06018066,684.288146973
1585.06018066,684.288146973
1585.06018066,684.288146973
1585.06018066,684.288146973
1585.06018066,684.288146973
1585.06018066,684.288146973
1585.06018066,684.288146973
1585.06018066,684.288146973
